922,0,2608,0,2608,230,922,230
6,611,121,595,251,586,378,576,544,579,711,585,826,592,827,692,712,685,540,679,379,676,258,685,114,695,0,711
2308,572,2411,572,2527,578,2642,572,2777,575,2897,575,3022,577,3025,686,2900,683,2785,683,2633,680,2526,686,2408,680,2305,680
2312,690,2820,699,2818,810,2310,801
0,711,968,711,968,816,0,816
1,831,58,835,173,852,252,847,341,839,443,837,545,824,544,937,442,950,349,952,255,961,177,966,46,947,-10,944
0,968,684,968,684,1080,0,1080
2283,988,2443,1005,2548,1005,2730,1024,2832,1024,3008,1008,3118,998,3124,1116,3013,1126,2835,1142,2728,1142,2544,1123,2440,1123,2280,1106
-13,1087,101,1107,225,1118,296,1125,407,1110,553,1105,647,1089,649,1192,555,1208,413,1213,302,1228,217,1220,93,1209,-20,1190
2311,1132,3154,1132,3154,1244,2311,1244
2311,1271,3082,1271,3082,1383,2311,1383
-4,1354,110,1353,185,1356,331,1350,485,1356,558,1356,672,1361,677,1461,563,1456,480,1456,333,1450,192,1456,98,1452,-15,1453
2285,1389,2456,1399,2607,1402,2774,1412,3006,1416,3108,1402,3280,1379,3282,1492,3111,1515,3003,1529,2777,1525,2603,1515,2454,1512,2283,1502
4,1470,108,1470,216,1467,340,1470,438,1470,556,1464,659,1458,666,1567,563,1573,443,1579,331,1579,217,1576,102,1579,0,1579
2316,1524,2418,1536,2531,1546,2602,1549,2766,1539,2866,1533,2945,1523,2944,1632,2865,1642,2769,1648,2607,1657,2522,1654,2413,1645,2311,1632
0,1593,915,1593,915,1705,0,1705
0,1725,237,1725,237,1837,0,1837
2576,1794,3026,1818,3020,1932,2570,1908
2561,1909,3266,1909,3266,2041,2561,2041
0,1971,292,1983,288,2085,0,2073
0,2100,572,2100,572,2206,0,2206
2647,2193,3148,2193,3148,2298,2647,2298
2654,2318,3470,2318,3470,2423,2654,2423
6,2364,441,2364,441,2463,6,2463
2654,2449,3174,2449,3174,2555,2654,2555
-4,2473,68,2479,169,2485,286,2492,404,2492,476,2484,570,2470,570,2575,476,2589,416,2596,273,2596,168,2590,60,2584,-12,2577
2647,2581,3332,2581,3332,2687,2647,2687
6,2614,803,2614,803,2726,6,2726
2647,2706,3458,2713,3457,2849,2646,2842
6,2752,559,2752,559,2858,6,2858
0,2884,737,2884,737,2990,0,2990
2654,2915,3176,2930,3173,3031,2651,3015
2648,3026,3552,3058,3547,3180,2644,3148
8,3132,401,3165,392,3277,0,3245
2647,3174,3332,3174,3332,3279,2647,3279
-12,3287,112,3291,242,3293,383,3297,555,3292,687,3291,812,3284,810,3396,685,3402,555,3404,387,3409,241,3405,110,3403,-14,3399
2650,3439,2775,3426,2947,3439,3070,3417,3256,3426,3379,3423,3527,3427,3527,3536,3380,3532,3254,3535,3074,3526,2949,3547,2768,3535,2643,3548
0,3424,724,3424,724,3556,0,3556
2667,3541,3189,3557,3186,3675,2664,3659
2653,3670,2763,3672,2861,3681,2991,3672,3150,3668,3261,3671,3372,3672,3370,3791,3260,3790,3149,3787,2995,3790,2864,3799,2753,3789,2642,3787
0,3780,368,3780,368,3885,0,3885
2660,3918,3029,3918,3029,4024,2660,4024
13,3926,568,3941,565,4063,10,4048
6,4063,862,4063,862,4175,6,4175
2660,4063,3556,4063,3556,4175,2660,4175
